0.000008:2745 1743 2048 2015 2047 2560 3106 2638 0 0 0 0 0 0 0 0 0 0 0 0 
0.001131:2758 1747 2048 1997 2007 2560 3106 2645 0 0 0 0 0 0 0 0 0 0 0 0 
0.009556:2755 1742 2070 1971 1982 2558 3123 2649 0 0 0 0 0 0 0 0 0 0 0 0 
0.029023:2801 1743 2070 1934 1955 2560 3135 2649 0 0 0 0 0 0 0 0 0 0 0 0 
0.039516:2791 1747 2074 1920 1946 2560 3153 2632 0 0 0 0 0 0 0 0 0 0 0 0 
0.049713:2723 1742 2074 1916 1979 2576 3148 2624 0 0 0 0 0 0 0 0 0 0 0 0 
0.069026:2721 1742 2048 1901 1984 2560 3146 2635 0 0 0 0 0 0 0 0 0 0 0 0 
0.078829:2752 1748 2042 1861 1991 2559 3120 2633 0 0 0 0 0 0 0 0 0 0 0 0 
0.090105:2727 1740 2032 1831 1954 2555 3105 2627 0 0 0 0 0 0 0 0 0 0 0 0 
0.109461:2745 1742 2035 1780 1924 2559 3135 2647 0 0 0 0 0 0 0 0 0 0 0 0 
0.120481:2786 1747 2008 1706 1961 2560 3162 2662 0 0 0 0 0 0 0 0 0 0 0 0 
0.131104:2803 1742 2004 1631 2030 2556 3169 2640 0 0 0 0 0 0 0 0 0 0 0 0 
0.141325:2769 1742 2020 1607 2089 2538 3184 2613 0 0 0 0 0 0 0 0 0 0 0 0 
0.160966:2710 1748 2026 1553 2080 2551 3167 2590 0 0 0 0 0 0 0 0 0 0 0 0 
0.171105:2645 1742 2021 1503 2048 2560 3196 2626 0 0 0 0 0 0 0 0 0 0 0 0 
0.181442:2709 1740 2019 1472 2068 2547 3179 2627 0 0 0 0 0 0 0 0 0 0 0 0 
0.199029:2735 1747 2041 1470 2048 2510 3159 2629 0 0 0 0 0 0 0 0 0 0 0 0 
0.210301:2716 1742 2042 1465 2032 2495 3144 2648 0 0 0 0 0 0 0 0 0 0 0 0 
0.220974:2788 1740 2035 1459 2009 2494 3132 2663 0 0 0 0 0 0 0 0 0 0 0 0 
0.238784:2816 1747 2021 1456 1980 2465 3108 2687 0 0 0 0 0 0 0 0 0 0 0 0 
0.249219:2887 1744 2011 1459 1969 2456 3066 2670 0 0 0 0 0 0 0 0 0 0 0 0 
0.268724:2868 1743 2006 1453 1912 2430 3050 2665 0 0 0 0 0 0 0 0 0 0 0 0 
0.279036:2834 1747 2018 1441 1859 2429 3043 2646 0 0 0 0 0 0 0 0 0 0 0 0 
0.289208:2771 1742 2025 1437 1814 2408 3060 2638 0 0 0 0 0 0 0 0 0 0 0 0 
0.308715:2788 1738 2030 1437 1792 2360 3072 2664 0 0 0 0 0 0 0 0 0 0 0 0 
0.320895:2811 1747 2038 1444 1851 2366 3093 2627 0 0 0 0 0 0 0 0 0 0 0 0 
0.329337:2723 1744 2041 1439 1907 2353 3072 2633 0 0 0 0 0 0 0 0 0 0 0 0 
0.348518:2765 1742 2048 1458 1967 2354 3072 2664 0 0 0 0 0 0 0 0 0 0 0 0 
0.362677:2816 1747 2048 1474 2038 2330 3029 2650 0 0 0 0 0 0 0 0 0 0 0 0 
0.371808:2782 1744 2043 1482 1946 2335 3001 2650 0 0 0 0 0 0 0 0 0 0 0 0 
0.390809:2816 1742 2043 1482 1836 2332 3011 2662 0 0 0 0 0 0 0 0 0 0 0 0 
0.402489:2816 1745 2048 1492 1816 2320 3028 2661 0 0 0 0 0 0 0 0 0 0 0 0 
0.409075:2813 1745 2103 1520 1866 2298 2997 2646 0 0 0 0 0 0 0 0 0 0 0 0 
0.421446:2814 1742 2134 1536 1887 2298 2969 2613 0 0 0 0 0 0 0 0 0 0 0 0 
0.441134:2726 1746 2122 1580 1864 2289 2966 2612 0 0 0 0 0 0 0 0 0 0 0 0 
0.449130:2684 1747 2110 1611 1872 2249 2982 2609 0 0 0 0 0 0 0 0 0 0 0 0 
0.468769:2711 1743 2074 1645 1914 2253 3000 2618 0 0 0 0 0 0 0 0 0 0 0 0 
0.479141:2719 1731 2040 1669 1986 2237 3002 2659 0 0 0 0 0 0 0 0 0 0 0 0 
0.489355:2787 1748 2045 1695 2048 2251 3004 2676 0 0 0 0 0 0 0 0 0 0 0 0 
0.508775:2867 1742 2048 1722 2064 2243 2956 2679 0 0 0 0 0 0 0 0 0 0 0 0 
0.519139:2882 1740 2048 1745 2016 2222 2925 2658 0 0 0 0 0 0 0 0 0 0 0 0 
0.529289:2797 1748 2048 1774 1960 2213 2940 2647 0 0 0 0 0 0 0 0 0 0 0 0 
0.540556:2812 1743 2068 1773 1972 2201 2954 2636 0 0 0 0 0 0 0 0 0 0 0 0 
0.560650:2758 1742 2067 1783 1986 2198 2955 2635 0 0 0 0 0 0 0 0 0 0 0 0 
0.571211:2740 1747 2048 1784 2003 2205 2942 2640 0 0 0 0 0 0 0 0 0 0 0 0 
0.582846:2766 1742 2048 1792 2010 2205 2926 2670 0 0 0 0 0 0 0 0 0 0 0 0 
0.602163:2816 1742 2048 1819 2008 2209 2906 2668 0 0 0 0 0 0 0 0 0 0 0 0 
0.611058:2803 1746 2048 1835 1955 2211 2897 2695 0 0 0 0 0 0 0 0 0 0 0 0 
0.620336:2881 1735 2065 1848 1913 2216 2904 2687 0 0 0 0 0 0 0 0 0 0 0 0 
0.642274:2876 1742 2083 1910 1908 2201 2911 2676 0 0 0 0 0 0 0 0 0 0 0 0 
0.652580:2788 1747 2096 1981 1943 2206 2906 2663 0 0 0 0 0 0 0 0 0 0 0 0 
0.662837:2792 1743 2107 2037 1987 2189 2902 2638 0 0 0 0 0 0 0 0 0 0 0 0 
0.682268:2707 1743 2122 2076 2023 2206 2880 2641 0 0 0 0 0 0 0 0 0 0 0 0 
0.691157:2672 1746 2120 2132 2040 2216 2858 2630 0 0 0 0 0 0 0 0 0 0 0 0 
0.709465:2686 1741 2111 2214 2048 2221 2838 2626 0 0 0 0 0 0 0 0 0 0 0 0 
0.720221:2658 1741 2102 2296 2064 2239 2816 2622 0 0 0 0 0 0 0 0 0 0 0 0 
0.732325:2660 1746 2098 2342 2080 2251 2851 2648 0 0 0 0 0 0 0 0 0 0 0 0 
0.750841:2758 1742 2079 2358 2108 2241 2846 2660 0 0 0 0 0 0 0 0 0 0 0 0 
0.759066:2786 1742 2048 2365 2152 2223 2854 2670 0 0 0 0 0 0 0 0 0 0 0 0 
0.769396:2816 1746 2032 2394 2203 2232 2849 2664 0 0 0 0 0 0 0 0 0 0 0 0 
0.788897:2844 1742 2026 2432 2202 2258 2854 2664 0 0 0 0 0 0 0 0 0 0 0 0 
0.800216:2838 1741 2045 2473 2163 2279 2878 2656 0 0 0 0 0 0 0 0 0 0 0 0 
0.810316:2791 1746 2048 2542 2137 2292 2911 2653 0 0 0 0 0 0 0 0 0 0 0 0 
0.820529:2837 1739 2072 2638 2168 2325 2918 2663 0 0 0 0 0 0 0 0 0 0 0 0 
0.839170:2846 1741 2093 2709 2160 2291 2914 2652 0 0 0 0 0 0 0 0 0 0 0 0 
0.850393:2791 1747 2073 2782 2108 2261 2894 2644 0 0 0 0 0 0 0 0 0 0 0 0 
0.869860:2800 1741 2011 2857 2048 2245 2866 2628 0 0 0 0 0 0 0 0 0 0 0 0 
0.879191:2740 1742 1946 2926 2048 2290 2881 2672 0 0 0 0 0 0 0 0 0 0 0 0 
0.891351:2811 1746 1970 2931 2122 2337 2897 2665 0 0 0 0 0 0 0 0 0 0 0 0 
0.901412:2860 1741 2037 2910 2114 2371 2944 2646 0 0 0 0 0 0 0 0 0 0 0 0 
0.920143:2798 1739 2070 2897 2023 2391 3038 2622 0 0 0 0 0 0 0 0 0 0 0 0 
0.929336:2726 1747 2064 2843 1957 2429 3120 2608 0 0 0 0 0 0 0 0 0 0 0 0 
0.941645:2700 1741 2048 2816 1928 2441 3208 2642 0 0 0 0 0 0 0 0 0 0 0 0 
0.959092:2749 1740 2038 2875 2087 2413 3219 2678 0 0 0 0 0 0 0 0 0 0 0 0 
0.971498:2836 1746 2107 2941 2241 2411 3171 2702 0 0 0 0 0 0 0 0 0 0 0 0 
0.981408:2927 1741 2161 2998 2304 2420 3094 2706 0 0 0 0 0 0 0 0 0 0 0 0 
1.001912:2922 1740 2176 3011 2234 2446 3030 2685 0 0 0 0 0 0 0 0 0 0 0 0 
1.011225:2887 1747 2159 2955 2082 2454 3062 2660 0 0 0 0 0 0 0 0 0 0 0 0 
1.022444:2840 1741 2106 2967 1960 2479 3153 2662 0 0 0 0 0 0 0 0 0 0 0 0 
1.042296:2816 1741 2066 2982 1936 2577 3276 2702 0 0 0 0 0 0 0 0 0 0 0 0 
1.050218:2884 1747 2068 2890 2100 2642 3322 2712 0 0 0 0 0 0 0 0 0 0 0 0 
1.061497:2942 1741 2099 2640 2331 2607 3259 2655 0 0 0 0 0 0 0 0 0 0 0 0 
1.079092:2845 1742 2152 2580 2339 2560 3202 2644 0 0 0 0 0 0 0 0 0 0 0 0 
1.089344:2758 1747 2146 2447 2252 2592 3150 2668 0 0 0 0 0 0 0 0 0 0 0 0 
1.103042:2847 1742 2144 2360 2189 2560 3141 2681 0 0 0 0 0 0 0 0 0 0 0 0 
1.122222:2879 1740 2117 2332 2111 2582 3151 2661 0 0 0 0 0 0 0 0 0 0 0 0 
1.129132:2810 1747 2097 2290 2047 2620 3169 2645 0 0 0 0 0 0 0 0 0 0 0 0 
1.143032:2802 1741 2091 2214 2043 2639 3175 2650 0 0 0 0 0 0 0 0 0 0 0 0 
1.160738:2795 1742 2091 2118 2043 2641 3199 2651 0 0 0 0 0 0 0 0 0 0 0 0 
1.172748:2784 1747 2084 2042 2048 2616 3168 2653 0 0 0 0 0 0 0 0 0 0 0 0 
1.190821:2816 1742 2077 1983 2044 2610 3147 2656 0 0 0 0 0 0 0 0 0 0 0 0 
1.200051:2800 1740 2081 1956 2048 2604 3129 2648 0 0 0 0 0 0 0 0 0 0 0 0 
1.209721:2763 1746 2081 1942 2041 2599 3116 2639 0 0 0 0 0 0 0 0 0 0 0 0 
1.220497:2792 1742 2081 1927 2018 2606 3125 2625 0 0 0 0 0 0 0 0 0 0 0 0 
1.239473:2728 1742 2079 1922 2002 2600 3119 2624 0 0 0 0 0 0 0 0 0 0 0 0 
1.249568:2684 1746 2079 1920 1978 2599 3117 2638 0 0 0 0 0 0 0 0 0 0 0 0 
1.269121:2771 1742 2081 1921 1986 2591 3120 2644 0 0 0 0 0 0 0 0 0 0 0 0 
1.279489:2770 1742 2079 1923 1993 2583 3118 2634 0 0 0 0 0 0 0 0 0 0 0 0 
1.289600:2729 1743 2077 1932 2015 2581 3117 2632 0 0 0 0 0 0 0 0 0 0 0 0 
1.308490:2751 1741 2075 1942 2047 2560 3110 2628 0 0 0 0 0 0 0 0 0 0 0 0 
1.319466:2729 1742 2048 1958 2077 2560 3106 2645 0 0 0 0 0 0 0 0 0 0 0 0 
1.330409:2748 1746 2046 1980 2102 2560 3100 2656 0 0 0 0 0 0 0 0 0 0 0 0 
1.340460:2802 1742 2042 1993 2110 2560 3094 2657 0 0 0 0 0 0 0 0 0 0 0 0 
1.361315:2806 1742 2046 2018 2098 2578 3104 2652 0 0 0 0 0 0 0 0 0 0 0 0 
1.368878:2777 1747 2048 2030 2099 2584 3116 2654 0 0 0 0 0 0 0 0 0 0 0 0 
1.392231:2816 1742 2048 2027 2105 2581 3123 2650 0 0 0 0 0 0 0 0 0 0 0 0 
1.402119:2802 1741 2048 2036 2115 2584 3119 2652 0 0 0 0 0 0 0 0 0 0 0 0 
1.412644:2775 1746 2048 2030 2135 2591 3127 2646 0 0 0 0 0 0 0 0 0 0 0 0 
1.422849:2798 1743 2066 2030 2155 2580 3118 2635 0 0 0 0 0 0 0 0 0 0 0 0 
1.442687:2768 1746 2048 2029 2161 2590 3129 2631 0 0 0 0 0 0 0 0 0 0 0 0 
1.452598:2725 1744 2066 2031 2174 2592 3128 2631 0 0 0 0 0 0 0 0 0 0 0 0 
1.471907:2759 1742 2078 2026 2162 2598 3137 2634 0 0 0 0 0 0 0 0 0 0 0 0 
1.479775:2752 1746 2075 2007 2136 2626 3150 2632 0 0 0 0 0 0 0 0 0 0 0 0 
1.492781:2713 1746 2082 1988 2114 2598 3136 2626 0 0 0 0 0 0 0 0 0 0 0 0 
1.501449:2732 1740 2104 1984 2103 2593 3132 2612 0 0 0 0 0 0 0 0 0 0 0 0 
1.520212:2695 1747 2118 1986 2151 2600 3146 2622 0 0 0 0 0 0 0 0 0 0 0 0 
1.529397:2703 1746 2130 1987 2250 2616 3146 2636 0 0 0 0 0 0 0 0 0 0 0 0 
1.543029:2759 1743 2134 1976 2363 2607 3154 2639 0 0 0 0 0 0 0 0 0 0 0 0 
1.562275:2779 1742 2138 1970 2446 2593 3171 2632 0 0 0 0 0 0 0 0 0 0 0 0 
1.571339:2717 1746 2145 1979 2511 2623 3192 2606 0 0 0 0 0 0 0 0 0 0 0 0 
1.580630:2710 1742 2164 1970 2603 2613 3207 2612 0 0 0 0 0 0 0 0 0 0 0 0 
1.601277:2695 1741 2205 1956 2746 2616 3222 2605 0 0 0 0 0 0 0 0 0 0 0 0 
1.609502:2661 1746 2250 1959 2927 2596 3235 2594 0 0 0 0 0 0 0 0 0 0 0 0 
1.630083:2654 1742 2286 1990 3147 2599 3232 2560 0 0 0 0 0 0 0 0 0 0 0 0 
1.640342:2590 1741 2336 2008 3352 2588 3235 2520 0 0 0 0 0 0 0 0 0 0 0 0 
1.650554:2871 1746 2391 2048 3584 2560 3204 2480 0 0 0 0 0 0 0 0 0 0 0 0 
1.660717:2858 1743 2471 2121 3772 2542 3166 2450 0 0 0 0 0 0 0 0 0 0 0 0 
1.680408:2781 1741 2518 2146 3872 2531 3090 2330 0 0 0 0 0 0 0 0 0 0 0 0 
1.690492:2492 1744 2551 2219 3924 2523 2971 2364 0 0 0 0 0 0 0 0 0 0 0 0 
1.710008:2560 1744 2539 2261 3701 2519 2904 2304 0 0 0 0 0 0 0 0 0 0 0 0 
1.721313:2430 1742 2511 2278 3501 2532 2868 2284 0 0 0 0 0 0 0 0 0 0 0 0 
1.729498:2735 1749 2459 2247 3207 2555 2838 2304 0 0 0 0 0 0 0 0 0 0 0 0 
1.741803:2464 1750 2394 2155 2985 2560 2880 2298 0 0 0 0 0 0 0 0 0 0 0 0 
1.759390:2816 1746 2335 2115 2767 2560 2894 2250 0 0 0 0 0 0 0 0 0 0 0 0 
1.769545:2737 1749 2270 2117 2520 2552 2892 2241 0 0 0 0 0 0 0 0 0 0 0 0 
1.789013:2722 1747 2173 2147 2269 2546 2896 2236 0 0 0 0 0 0 0 0 0 0 0 0 
1.799519:2707 1746 2098 2117 2048 2560 2914 2224 0 0 0 0 0 0 0 0 0 0 0 0 
1.809668:2634 1752 2048 2026 1875 2560 2928 2235 0 0 0 0 0 0 0 0 0 0 0 0 
1.829132:2709 1747 2044 1968 1775 2542 2952 2225 0 0 0 0 0 0 0 0 0 0 0 0 
1.839516:2670 1746 2031 1963 1759 2537 2974 2207 0 0 0 0 0 0 0 0 0 0 0 0 
1.849678:2615 1751 2028 1950 1725 2542 2970 2220 0 0 0 0 0 0 0 0 0 0 0 0 
1.870128:2660 1745 2029 1948 1700 2540 2958 2220 0 0 0 0 0 0 0 0 0 0 0 0 
1.879430:2656 1743 2025 1965 1668 2531 2967 2224 0 0 0 0 0 0 0 0 0 0 0 0 
1.891651:2626 1746 2010 1960 1597 2529 2918 2233 0 0 0 0 0 0 0 0 0 0 0 0 
1.911127:2699 1743 1976 1942 1428 2551 2900 2238 0 0 0 0 0 0 0 0 0 0 0 0 
1.921357:2716 1742 1912 1877 1175 2560 2860 2255 0 0 0 0 0 0 0 0 0 0 0 0 
1.931597:2730 1745 1783 1788 714 2576 2816 2304 0 0 0 0 0 0 0 0 0 0 0 0 
1.942837:2498 1746 1617 1682 118 2560 2816 2390 0 0 0 0 0 0 0 0 0 0 0 0 
1.961267:2612 1743 1484 1510 40 2518 2876 2455 0 0 0 0 0 0 0 0 0 0 0 0 
1.970502:2746 1744 1360 1381 40 2448 3060 2560 0 0 0 0 0 0 0 0 0 0 0 0 
1.980687:2642 1746 1306 1493 41 2457 3175 2637 0 0 0 0 0 0 0 0 0 0 0 0 
1.999419:2752 1744 1326 1763 39 2496 3296 2717 0 0 0 0 0 0 0 0 0 0 0 0 
2.012728:2923 1747 1445 2002 40 2560 3394 2660 0 0 0 0 0 0 0 0 0 0 0 0 
2.020493:2850 1743 1691 1980 244 2578 3394 2659 0 0 0 0 0 0 0 0 0 0 0 0 
2.032917:2811 1741 1866 2048 967 2586 3328 2624 0 0 0 0 0 0 0 0 0 0 0 0 
2.050492:2706 1750 1971 2155 1448 2560 3210 2638 0 0 0 0 0 0 0 0 0 0 0 0 
2.062802:2778 1744 2025 2154 1750 2547 3122 2669 0 0 0 0 0 0 0 0 0 0 0 0 
2.072734:2816 1742 2046 2102 1970 2550 3093 2694 0 0 0 0 0 0 0 0 0 0 0 0 
2.090224:2864 1748 2067 2042 2150 2544 3100 2690 0 0 0 0 0 0 0 0 0 0 0 0 
2.100690:2890 1744 2081 2024 2245 2550 3118 2665 0 0 0 0 0 0 0 0 0 0 0 0 
2.111773:2816 1742 2091 2048 2283 2554 3127 2636 0 0 0 0 0 0 0 0 0 0 0 0 
2.130429:2753 1747 2090 2073 2279 2560 3130 2631 0 0 0 0 0 0 0 0 0 0 0 0 
2.143471:2773 1745 2098 2067 2252 2560 3123 2627 0 0 0 0 0 0 0 0 0 0 0 0 
2.153486:2721 1744 2097 2040 2200 2552 3115 2632 0 0 0 0 0 0 0 0 0 0 0 0 
2.172794:2724 1748 2083 2036 2129 2542 3111 2638 0 0 0 0 0 0 0 0 0 0 0 0 
2.183319:2786 1744 2065 2048 2064 2557 3118 2624 0 0 0 0 0 0 0 0 0 0 0 0 
2.193459:2705 1744 2048 2048 2065 2560 3130 2629 0 0 0 0 0 0 0 0 0 0 0 0 
2.210617:2718 1746 2066 2040 2083 2560 3132 2632 0 0 0 0 0 0 0 0 0 0 0 0 
2.223316:2755 1745 2072 2026 2110 2560 3134 2633 0 0 0 0 0 0 0 0 0 0 0 0 
2.233472:2734 1743 2078 2025 2131 2560 3127 2628 0 0 0 0 0 0 0 0 0 0 0 0 
2.252871:2712 1747 2077 2014 2148 2560 3122 2626 0 0 0 0 0 0 0 0 0 0 0 0 
2.263313:2742 1744 2076 2008 2142 2560 3122 2624 0 0 0 0 0 0 0 0 0 0 0 0 
2.273474:2694 1741 2072 2010 2130 2560 3121 2624 0 0 0 0 0 0 0 0 0 0 0 0 
2.291090:2690 1748 2070 2012 2126 2560 3124 2622 0 0 0 0 0 0 0 0 0 0 0 0 
2.303413:2749 1744 2068 2007 2130 2560 3123 2616 0 0 0 0 0 0 0 0 0 0 0 0 
2.313473:2692 1744 2066 2010 2117 2560 3120 2619 0 0 0 0 0 0 0 0 0 0 0 0 
2.328394:2710 1745 2064 2008 2117 2560 3118 2624 0 0 0 0 0 0 0 0 0 0 0 0 
2.340189:2728 1744 2048 2004 2141 2560 3125 2622 0 0 0 0 0 0 0 0 0 0 0 0 
2.360096:2717 1744 2048 1999 2176 2560 3122 2623 0 0 0 0 0 0 0 0 0 0 0 0 
2.371513:2728 1748 2048 2012 2199 2560 3114 2615 0 0 0 0 0 0 0 0 0 0 0 0 
2.380987:2739 1744 2073 2024 2200 2544 3106 2591 0 0 0 0 0 0 0 0 0 0 0 0 
2.391289:2653 1744 2084 2048 2162 2560 3052 2560 0 0 0 0 0 0 0 0 0 0 0 0 
2.411402:2560 1742 2083 2103 2039 2556 3042 2559 0 0 0 0 0 0 0 0 0 0 0 0 
2.420653:3028 1748 2086 2167 1943 2556 3110 2598 0 0 0 0 0 0 0 0 0 0 0 0 
2.439384:2693 1745 2085 2159 2014 2560 3174 2628 0 0 0 0 0 0 0 0 0 0 0 0 
2.451668:2703 1744 2083 2132 2064 2560 3178 2636 0 0 0 0 0 0 0 0 0 0 0 0 
2.459592:2764 1748 2048 2094 2084 2560 3116 2633 0 0 0 0 0 0 0 0 0 0 0 0 
2.471815:2733 1743 2032 2101 2012 2577 3072 2611 0 0 0 0 0 0 0 0 0 0 0 0 
2.492301:2684 1743 2012 2108 1962 2582 3072 2580 0 0 0 0 0 0 0 0 0 0 0 0 
2.501436:2631 1747 2012 2115 1908 2592 3114 2595 0 0 0 0 0 0 0 0 0 0 0 0 
2.512864:2627 1743 2029 2123 1930 2616 3177 2609 0 0 0 0 0 0 0 0 0 0 0 0 
2.532462:2659 1743 2048 2084 1993 2610 3223 2622 0 0 0 0 0 0 0 0 0 0 0 0 
2.538792:2741 1747 2048 2032 2048 2614 3179 2628 0 0 0 0 0 0 0 0 0 0 0 0 
2.551953:2704 1744 2066 1982 2083 2611 3166 2630 0 0 0 0 0 0 0 0 0 0 0 0 
2.571423:2715 1743 2048 1932 2077 2609 3161 2623 0 0 0 0 0 0 0 0 0 0 0 0 
2.580660:2762 1747 2065 1904 2092 2618 3171 2605 0 0 0 0 0 0 0 0 0 0 0 0 
2.599198:2681 1742 2083 1859 2113 2634 3194 2600 0 0 0 0 0 0 0 0 0 0 0 0 
2.610548:2644 1743 2093 1791 2070 2601 3179 2610 0 0 0 0 0 0 0 0 0 0 0 0 
2.621671:2700 1748 2079 1780 2017 2590 3170 2648 0 0 0 0 0 0 0 0 0 0 0 0 
2.632870:2750 1744 2071 1792 2020 2585 3194 2631 0 0 0 0 0 0 0 0 0 0 0 0 
2.651271:2736 1744 2048 1789 2122 2560 3200 2607 0 0 0 0 0 0 0 0 0 0 0 0 
2.662726:2729 1746 2071 1808 2153 2558 3183 2592 0 0 0 0 0 0 0 0 0 0 0 0 
2.670701:2624 1743 2075 1868 2155 2556 3197 2591 0 0 0 0 0 0 0 0 0 0 0 0 
2.692540:2636 1743 2048 1977 2218 2538 3184 2584 0 0 0 0 0 0 0 0 0 0 0 0 
2.699475:2638 1746 2048 2071 2262 2546 3158 2560 0 0 0 0 0 0 0 0 0 0 0 0 
2.719184:2560 1734 2067 2122 2238 2545 3104 2555 0 0 0 0 0 0 0 0 0 0 0 0 
2.729602:2981 1742 2042 2153 2127 2519 3054 2556 0 0 0 0 0 0 0 0 0 0 0 0 
2.739701:3072 1746 2004 2187 1973 2540 3024 2594 0 0 0 0 0 0 0 0 0 0 0 0 
2.759189:2688 1742 1984 2246 1904 2548 3072 2585 0 0 0 0 0 0 0 0 0 0 0 0 
2.769588:2621 1741 1986 2304 1822 2560 3070 2588 0 0 0 0 0 0 0 0 0 0 0 0 
2.780677:2653 1743 1987 2295 1760 2560 3056 2589 0 0 0 0 0 0 0 0 0 0 0 0 
2.790828:2629 1741 1988 2292 1729 2579 3041 2614 0 0 0 0 0 0 0 0 0 0 0 0 
2.809476:2679 1739 1985 2302 1769 2558 3022 2596 0 0 0 0 0 0 0 0 0 0 0 0 
2.822776:2670 1743 2005 2275 1834 2587 3008 2606 0 0 0 0 0 0 0 0 0 0 0 0 
2.831696:2665 1741 2020 2237 1913 2590 2984 2610 0 0 0 0 0 0 0 0 0 0 0 0 
2.851414:2666 1742 2033 2181 2014 2605 2954 2608 0 0 0 0 0 0 0 0 0 0 0 0 
2.861631:2689 1745 2048 2089 2072 2612 2944 2614 0 0 0 0 0 0 0 0 0 0 0 0 
2.879158:2681 1739 2070 1984 2127 2611 2935 2618 0 0 0 0 0 0 0 0 0 0 0 0 
2.891541:2696 1741 2082 1861 2190 2605 2940 2628 0 0 0 0 0 0 0 0 0 0 0 0 
2.901586:2737 1746 2111 1754 2251 2605 2944 2633 0 0 0 0 0 0 0 0 0 0 0 0 
2.911768:2727 1742 2131 1653 2262 2602 2969 2608 0 0 0 0 0 0 0 0 0 0 0 0 
2.931401:2661 1740 2136 1525 2195 2588 3024 2599 0 0 0 0 0 0 0 0 0 0 0 0 
2.939478:2685 1746 2133 1471 2173 2578 3176 2602 0 0 0 0 0 0 0 0 0 0 0 0 
2.959369:2655 1742 2151 1598 2122 2515 3314 2556 0 0 0 0 0 0 0 0 0 0 0 0 
2.969881:2975 1740 1989 2154 1985 2510 3513 2625 0 0 0 0 0 0 0 0 0 0 0 0 
2.982765:2688 1745 1945 2648 2048 2627 3404 2592 0 0 0 0 0 0 0 0 0 0 0 0 
2.990358:2629 1739 1994 2468 2016 2653 3279 2585 0 0 0 0 0 0 0 0 0 0 0 0 
3.010418:2605 1742 2025 2137 1953 2614 3269 2585 0 0 0 0 0 0 0 0 0 0 0 0 
3.020751:2629 1745 2036 2018 1958 2599 3252 2581 0 0 0 0 0 0 0 0 0 0 0 0 
3.031054:2607 1741 2048 1984 2000 2612 3255 2592 0 0 0 0 0 0 0 0 0 0 0 0 
3.049381:2608 1742 2076 1928 2048 2628 3269 2598 0 0 0 0 0 0 0 0 0 0 0 0 
3.061385:2652 1742 2092 1890 2071 2626 3250 2597 0 0 0 0 0 0 0 0 0 0 0 0 
3.071630:2646 1742 2073 1917 2029 2603 3232 2590 0 0 0 0 0 0 0 0 0 0 0 0 
3.091000:2634 1742 2048 1990 1991 2594 3195 2578 0 0 0 0 0 0 0 0 0 0 0 0 
3.101728:2600 1746 2036 2075 1932 2592 3154 2560 0 0 0 0 0 0 0 0 0 0 0 0 
3.112105:2552 1742 1996 2168 1856 2585 3128 2559 0 0 0 0 0 0 0 0 0 0 0 0 
3.130454:2984 1740 1971 2208 1819 2603 3124 2560 0 0 0 0 0 0 0 0 0 0 0 0 
3.142493:2651 1745 1942 2238 1810 2598 3134 2603 0 0 0 0 0 0 0 0 0 0 0 0 
3.160315:2672 1743 1920 2343 1852 2614 3123 2638 0 0 0 0 0 0 0 0 0 0 0 0 
3.169436:2742 1742 1928 2357 1882 2622 3056 2656 0 0 0 0 0 0 0 0 0 0 0 0 
3.179675:2807 1745 1969 2304 1882 2622 3043 2662 0 0 0 0 0 0 0 0 0 0 0 0 
3.199111:2810 1740 1996 2289 1893 2631 2999 2643 0 0 0 0 0 0 0 0 0 0 0 0 
3.211773:2769 1742 2007 2215 1890 2636 3002 2631 0 0 0 0 0 0 0 0 0 0 0 0 
3.219513:2774 1746 2005 2180 1934 2630 2982 2634 0 0 0 0 0 0 0 0 0 0 0 0 
3.239174:2735 1743 2025 2146 1992 2635 2964 2623 0 0 0 0 0 0 0 0 0 0 0 0 
3.249577:2732 1740 2043 2098 2048 2644 2946 2621 0 0 0 0 0 0 0 0 0 0 0 0 
3.259583:2754 1742 2048 2024 2137 2641 2930 2600 0 0 0 0 0 0 0 0 0 0 0 0 
3.282162:2658 1743 2073 1936 2209 2644 2914 2632 0 0 0 0 0 0 0 0 0 0 0 0 
3.291481:2708 1742 2105 1824 2227 2645 2920 2626 0 0 0 0 0 0 0 0 0 0 0 0 
3.302603:2736 1743 2126 1709 2214 2632 2931 2632 0 0 0 0 0 0 0 0 0 0 0 0 
3.310825:2716 1742 2143 1616 2218 2626 2964 2621 0 0 0 0 0 0 0 0 0 0 0 0 
3.330304:2714 1742 2166 1536 2251 2622 3023 2604 0 0 0 0 0 0 0 0 0 0 0 0 
3.339571:2698 1746 2172 1470 2259 2598 3046 2592 0 0 0 0 0 0 0 0 0 0 0 0 
3.358445:2604 1744 2159 1424 2236 2576 3130 2595 0 0 0 0 0 0 0 0 0 0 0 0 
3.370484:2636 1740 2150 1404 2274 2550 3272 2583 0 0 0 0 0 0 0 0 0 0 0 0 
3.380216:2627 1741 2114 1785 2188 2526 3534 2547 0 0 0 0 0 0 0 0 0 0 0 0 
3.398456:2950 1744 1983 2414 2106 2576 3570 2632 0 0 0 0 0 0 0 0 0 0 0 0 
3.412492:2764 1741 1967 2437 2096 2642 3345 2595 0 0 0 0 0 0 0 0 0 0 0 0 
3.420539:2675 1742 2018 2093 1971 2587 3201 2560 0 0 0 0 0 0 0 0 0 0 0 0 
3.440199:2585 1747 2007 2022 1899 2560 3181 2560 0 0 0 0 0 0 0 0 0 0 0 0 
3.452417:2556 1743 2025 2019 1943 2627 3246 2590 0 0 0 0 0 0 0 0 0 0 0 0 
3.461448:2630 1741 2065 1894 2066 2651 3299 2595 0 0 0 0 0 0 0 0 0 0 0 0 
3.471712:2634 1746 2084 1852 2171 2616 3282 2603 0 0 0 0 0 0 0 0 0 0 0 0 
3.489463:2665 1741 2065 1956 2216 2615 3244 2600 0 0 0 0 0 0 0 0 0 0 0 0 
3.499769:2657 1741 2064 2048 2216 2602 3212 2604 0 0 0 0 0 0 0 0 0 0 0 0 
3.512941:2662 1745 2067 2096 2201 2601 3180 2594 0 0 0 0 0 0 0 0 0 0 0 0 
3.530100:2632 1744 2048 2124 2138 2589 3118 2560 0 0 0 0 0 0 0 0 0 0 0 0 
3.539595:2606 1741 2048 2169 2082 2591 3106 2560 0 0 0 0 0 0 0 0 0 0 0 0 
3.552851:2583 1746 2029 2283 2018 2614 3072 2554 0 0 0 0 0 0 0 0 0 0 0 0 
3.572224:2970 1743 2005 2348 1946 2625 3072 2556 0 0 0 0 0 0 0 0 0 0 0 0 
3.579612:3070 1741 1989 2304 1920 2658 3060 2560 0 0 0 0 0 0 0 0 0 0 0 0 
3.598594:2638 1744 1992 2265 1897 2649 3030 2560 0 0 0 0 0 0 0 0 0 0 0 0 
3.609231:2602 1742 2001 2221 1853 2646 3003 2587 0 0 0 0 0 0 0 0 0 0 0 0 
3.619562:2653 1741 2004 2171 1792 2648 3002 2593 0 0 0 0 0 0 0 0 0 0 0 0 
3.639199:2622 1744 2005 2166 1757 2643 2984 2599 0 0 0 0 0 0 0 0 0 0 0 0 
3.649640:2649 1743 1999 2173 1754 2644 2971 2608 0 0 0 0 0 0 0 0 0 0 0 0 
3.659966:2689 1738 1999 2176 1775 2642 2941 2612 0 0 0 0 0 0 0 0 0 0 0 0 
3.670372:2670 1746 1988 2158 1814 2645 2906 2611 0 0 0 0 0 0 0 0 0 0 0 0 
3.689532:2674 1745 1986 2085 1839 2656 2893 2624 0 0 0 0 0 0 0 0 0 0 0 0 
3.699747:2718 1742 2002 1954 1874 2653 2878 2642 0 0 0 0 0 0 0 0 0 0 0 0 
3.711067:2738 1746 2028 1831 1938 2641 2860 2635 0 0 0 0 0 0 0 0 0 0 0 0 
3.730728:2740 1744 2048 1667 1978 2638 2910 2626 0 0 0 0 0 0 0 0 0 0 0 0 
3.741136:2740 1742 2087 1457 2048 2633 2961 2620 0 0 0 0 0 0 0 0 0 0 0 0 
3.760997:2701 1744 2116 1254 2066 2608 3022 2632 0 0 0 0 0 0 0 0 0 0 0 0 
3.770344:2714 1743 2135 1127 2088 2560 3094 2652 0 0 0 0 0 0 0 0 0 0 0 0 
3.780682:2786 1741 2143 1171 2207 2456 3292 2652 0 0 0 0 0 0 0 0 0 0 0 0 
3.798414:2785 1744 2093 2242 2180 2420 3747 2624 0 0 0 0 0 0 0 0 0 0 0 0 
3.809039:2708 1740 1952 3391 2075 2768 3474 2634 0 0 0 0 0 0 0 0 0 0 0 0 
3.822706:2749 1741 1992 2506 1827 2696 3328 2624 0 0 0 0 0 0 0 0 0 0 0 0 
3.839121:2697 1739 2018 2048 1771 2640 3314 2663 0 0 0 0 0 0 0 0 0 0 0 0 
3.849557:2801 1742 2089 2065 2012 2640 3089 2582 0 0 0 0 0 0 0 0 0 0 0 0 
3.861756:2647 1742 2087 1979 2016 2623 3158 2603 0 0 0 0 0 0 0 0 0 0 0 0 
3.879125:2664 1742 2077 1983 2048 2632 3139 2645 0 0 0 0 0 0 0 0 0 0 0 0 
3.891543:2751 1746 2085 1980 2076 2675 3103 2632 0 0 0 0 0 0 0 0 0 0 0 0 
3.901572:2743 1740 2084 1971 2064 2650 3106 2639 0 0 0 0 0 0 0 0 0 0 0 0 
3.911814:2762 1740 2076 1970 2048 2636 3108 2640 0 0 0 0 0 0 0 0 0 0 0 0 
3.929489:2742 1745 2068 1983 2048 2638 3112 2630 0 0 0 0 0 0 0 0 0 0 0 0 
3.939769:2744 1742 2067 1985 2040 2638 3123 2628 0 0 0 0 0 0 0 0 0 0 0 0 
3.960089:2714 1741 2072 1986 2044 2630 3125 2635 0 0 0 0 0 0 0 0 0 0 0 0 
3.972553:2744 1743 2078 1987 2048 2631 3124 2638 0 0 0 0 0 0 0 0 0 0 0 0 
3.979502:2768 1742 2073 1989 2046 2624 3119 2627 0 0 0 0 0 0 0 0 0 0 0 0 
3.992926:2729 1742 2070 1990 2029 2627 3130 2628 0 0 0 0 0 0 0 0 0 0 0 0 
4.010266:2711 1745 2078 1985 2027 2632 3123 2625 0 0 0 0 0 0 0 0 0 0 0 0 
4.022720:2718 1742 2072 1986 2037 2623 3122 2628 0 0 0 0 0 0 0 0 0 0 0 0 
4.032801:2714 1741 2072 1991 2044 2621 3114 2623 0 0 0 0 0 0 0 0 0 0 0 0 
4.048674:2727 1746 2064 1998 2032 2624 3115 2626 0 0 0 0 0 0 0 0 0 0 0 0 
4.059003:2724 1742 2064 2006 2036 2630 3128 2629 0 0 0 0 0 0 0 0 0 0 0 0 
4.071055:2721 1741 2065 2009 2046 2626 3112 2628 0 0 0 0 0 0 0 0 0 0 0 0 
4.089989:2714 1746 2048 2005 2029 2632 3121 2633 0 0 0 0 0 0 0 0 0 0 0 0 
4.100828:2747 1741 2048 2005 2022 2628 3125 2627 0 0 0 0 0 0 0 0 0 0 0 0 
4.110155:2722 1741 2048 2007 2031 2626 3121 2631 0 0 0 0 0 0 0 0 0 0 0 0 
4.129782:2736 1746 2069 2003 2038 2629 3136 2625 0 0 0 0 0 0 0 0 0 0 0 0 
4.140829:2725 1742 2068 2009 2027 2631 3120 2627 0 0 0 0 0 0 0 0 0 0 0 0 
4.160190:2720 1742 2066 2003 2032 2631 3126 2633 0 0 0 0 0 0 0 0 0 0 0 0 
4.170635:2731 1744 2067 2006 2035 2632 3174 2628 0 0 0 0 0 0 0 0 0 0 0 0 
4.180842:2728 1741 2071 2000 2042 2625 3126 2634 0 0 0 0 0 0 0 0 0 0 0 0 
4.190957:2736 1739 2071 2000 2043 2628 3120 2630 0 0 0 0 0 0 0 0 0 0 0 0 
4.209236:2728 1745 2066 1999 2032 2629 3120 2635 0 0 0 0 0 0 0 0 0 0 0 0 
4.219983:2758 1744 2067 1998 2044 2628 3126 2633 0 0 0 0 0 0 0 0 0 0 0 0 
4.229368:2741 1741 2070 2000 2048 2633 3126 2646 0 0 0 0 0 0 0 0 0 0 0 0 
4.249211:2763 1742 2070 1997 2048 2633 3123 2632 0 0 0 0 0 0 0 0 0 0 0 0 
4.259531:2743 1746 2067 1994 2048 2634 3123 2590 0 0 0 0 0 0 0 0 0 0 0 0 
4.269858:2659 1742 2070 1995 2048 2628 3117 2630 0 0 0 0 0 0 0 0 0 0 0 0 
4.289809:2715 1741 2064 1994 2041 2635 3126 2627 0 0 0 0 0 0 0 0 0 0 0 0 
4.299410:2730 1747 2048 1993 2028 2633 3118 2628 0 0 0 0 0 0 0 0 0 0 0 0 
4.314209:2716 1741 2048 1998 1979 2608 3100 2627 0 0 0 0 0 0 0 0 0 0 0 0 
4.328863:2718 1742 2044 2008 1852 2623 3097 2625 0 0 0 0 0 0 0 0 0 0 0 0 
4.340862:2721 1747 2028 2029 1662 2616 3072 2631 0 0 0 0 0 0 0 0 0 0 0 0 
4.350842:2736 1742 1988 2048 1395 2622 3121 2649 0 0 0 0 0 0 0 0 0 0 0 0 
4.369753:2772 1742 1949 2048 1102 2628 3133 2665 0 0 0 0 0 0 0 0 0 0 0 0 
4.380029:2816 1746 1915 2048 752 2625 3133 2699 0 0 0 0 0 0 0 0 0 0 0 0 
4.391223:2890 1747 1905 2036 393 2615 3118 2712 0 0 0 0 0 0 0 0 0 0 0 0 
4.411838:2922 1751 1923 2048 162 2620 3127 2738 0 0 0 0 0 0 0 0 0 0 0 0 
4.422573:3022 1742 1964 2048 100 2620 3072 2779 0 0 0 0 0 0 0 0 0 0 0 0 
4.429978:3099 1747 1980 2026 158 2631 3072 2816 0 0 0 0 0 0 0 0 0 0 0 0 
4.443092:2774 1746 1980 2048 334 2628 3019 2854 0 0 0 0 0 0 0 0 0 0 0 0 
4.462410:2856 1742 1931 2097 482 2615 3005 2926 0 0 0 0 0 0 0 0 0 0 0 0 
4.472709:2994 1741 1913 2202 757 2624 2976 2979 0 0 0 0 0 0 0 0 0 0 0 0 
4.482157:3126 1747 1945 2255 1081 2656 2952 2973 0 0 0 0 0 0 0 0 0 0 0 0 
4.500965:3166 1740 1990 2206 1272 2655 2918 2976 0 0 0 0 0 0 0 0 0 0 0 0 
4.509973:3107 1742 2007 2130 1406 2650 2905 2972 0 0 0 0 0 0 0 0 0 0 0 0 
4.528604:3130 1745 2010 2092 1530 2646 2918 2982 0 0 0 0 0 0 0 0 0 0 0 0 
4.539176:3174 1742 2013 2079 1670 2637 2904 2996 0 0 0 0 0 0 0 0 0 0 0 0 
4.550294:3166 1739 2005 2098 1768 2634 2897 3001 0 0 0 0 0 0 0 0 0 0 0 0 
4.562348:3210 1743 2028 2125 1875 2628 2883 3013 0 0 0 0 0 0 0 0 0 0 0 0 
4.581970:3257 1743 2048 2115 1959 2638 2892 3003 0 0 0 0 0 0 0 0 0 0 0 0 
4.592054:3216 1740 2074 2072 2022 2640 2894 2992 0 0 0 0 0 0 0 0 0 0 0 0 
4.602281:3187 1743 2078 2014 2048 2633 2887 2993 0 0 0 0 0 0 0 0 0 0 0 0 
4.621795:3216 1741 2076 1988 2073 2632 2896 3000 0 0 0 0 0 0 0 0 0 0 0 0 
4.631456:3194 1739 2084 1984 2112 2628 2884 3000 0 0 0 0 0 0 0 0 0 0 0 0 
4.650596:3216 1738 2085 2006 2136 2633 2894 3000 0 0 0 0 0 0 0 0 0 0 0 0 
4.660053:3236 1744 2089 2021 2153 2638 2896 3022 0 0 0 0 0 0 0 0 0 0 0 0 
4.669831:3250 1740 2095 2025 2168 2638 2898 2995 0 0 0 0 0 0 0 0 0 0 0 0 
4.688679:3218 1740 2102 2023 2195 2642 2895 2989 0 0 0 0 0 0 0 0 0 0 0 0 
4.700852:3220 1745 2091 2017 2220 2638 2888 2990 0 0 0 0 0 0 0 0 0 0 0 0 
4.710922:3180 1741 2086 1994 2202 2641 2900 2997 0 0 0 0 0 0 0 0 0 0 0 0 
4.728389:3211 1740 2087 1981 2191 2638 2910 2990 0 0 0 0 0 0 0 0 0 0 0 0 
4.740880:3222 1744 2090 1986 2200 2635 2903 2979 0 0 0 0 0 0 0 0 0 0 0 0 
4.751045:3152 1740 2079 1985 2192 2636 2905 2983 0 0 0 0 0 0 0 0 0 0 0 0 
4.770328:3177 1738 2048 1986 2184 2643 2915 2983 0 0 0 0 0 0 0 0 0 0 0 0 
4.780736:3197 1744 2069 1986 2207 2642 2914 2975 0 0 0 0 0 0 0 0 0 0 0 0 
4.790957:3148 1740 2065 1980 2250 2642 2911 2973 0 0 0 0 0 0 0 0 0 0 0 0 
4.808692:3155 1740 2044 1974 2298 2639 2908 2972 0 0 0 0 0 0 0 0 0 0 0 0 
4.819819:3162 1745 2028 1951 2344 2649 2918 2980 0 0 0 0 0 0 0 0 0 0 0 0 
4.829282:3129 1740 2029 1920 2430 2644 2936 2978 0 0 0 0 0 0 0 0 0 0 0 0 
4.850291:3147 1740 2037 1907 2560 2647 2947 2972 0 0 0 0 0 0 0 0 0 0 0 0 
4.860653:3162 1745 2032 1894 2729 2649 2954 2963 0 0 0 0 0 0 0 0 0 0 0 0 
4.869391:3103 1741 2046 1866 2966 2656 2985 2946 0 0 0 0 0 0 0 0 0 0 0 0 
4.888462:3066 1740 2048 1822 3251 2644 3001 2923 0 0 0 0 0 0 0 0 0 0 0 0 
4.899333:3062 1745 2043 1809 3551 2620 2983 2842 0 0 0 0 0 0 0 0 0 0 0 0 
4.909183:2816 1742 2017 1792 3724 2589 2935 2816 0 0 0 0 0 0 0 0 0 0 0 0 
4.928597:2758 1744 2000 1789 3705 2576 3050 2920 0 0 0 0 0 0 0 0 0 0 0 0 
4.943455:2986 1745 1974 1904 3666 2596 3124 2909 0 0 0 0 0 0 0 0 0 0 0 0 
4.948916:2971 1742 2065 2131 3472 2534 3058 2849 0 0 0 0 0 0 0 0 0 0 0 0 
4.971995:2844 1740 2025 2190 3115 2648 3065 2749 0 0 0 0 0 0 0 0 0 0 0 0 
4.978605:3042 1747 2086 2048 2751 2628 3065 2766 0 0 0 0 0 0 0 0 0 0 0 0 
4.989337:3060 1744 2138 2016 2498 2597 3067 2732 0 0 0 0 0 0 0 0 0 0 0 0 
5.010889:3010 1742 2109 2025 2278 2614 3072 2746 0 0 0 0 0 0 0 0 0 0 0 0 
5.021941:3053 1741 2068 2034 2167 2623 3110 2729 0 0 0 0 0 0 0 0 0 0 0 0 
5.029102:2976 1746 2075 2028 2140 2625 3104 2721 0 0 0 0 0 0 0 0 0 0 0 0 
5.043754:2965 1741 2074 2015 2118 2616 3072 2721 0 0 0 0 0 0 0 0 0 0 0 0 
5.063423:2979 1741 2064 2019 2066 2624 3093 2724 0 0 0 0 0 0 0 0 0 0 0 0 
5.070078:2943 1745 2048 2018 2035 2629 3098 2736 0 0 0 0 0 0 0 0 0 0 0 0 
5.082720:2989 1743 2064 2015 2029 2633 3094 2730 0 0 0 0 0 0 0 0 0 0 0 0 
5.099462:3012 1739 2048 2008 2032 2629 3094 2734 0 0 0 0 0 0 0 0 0 0 0 0 
5.109627:2988 1745 2075 2006 2030 2629 3101 2734 0 0 0 0 0 0 0 0 0 0 0 0 
5.129247:3008 1744 2067 2004 2036 2624 3072 2732 0 0 0 0 0 0 0 0 0 0 0 0 
5.139447:3018 1742 2048 2008 1999 2619 3072 2728 0 0 0 0 0 0 0 0 0 0 0 0 
5.150311:2960 1747 2048 2017 1968 2631 3101 2732 0 0 0 0 0 0 0 0 0 0 0 0 
5.169787:2993 1742 2048 2015 1971 2630 3102 2740 0 0 0 0 0 0 0 0 0 0 0 0 
5.180168:3027 1739 2048 2004 2006 2628 3066 2753 0 0 0 0 0 0 0 0 0 0 0 0 
5.190233:3016 1746 2048 2002 2015 2622 3090 2740 0 0 0 0 0 0 0 0 0 0 0 0 
5.209748:3015 1742 2048 2009 2006 2623 3116 2742 0 0 0 0 0 0 0 0 0 0 0 0 
5.220148:3041 1742 2048 2012 2019 2628 3098 2742 0 0 0 0 0 0 0 0 0 0 0 0 
5.230026:3005 1746 2070 2003 2048 2625 3072 2747 0 0 0 0 0 0 0 0 0 0 0 0 
5.249355:3047 1740 2067 2012 2048 2625 3094 2739 0 0 0 0 0 0 0 0 0 0 0 0 
5.260140:3045 1743 2068 2011 2046 2627 3088 2736 0 0 0 0 0 0 0 0 0 0 0 0 
5.270318:2978 1747 2064 2003 2048 2630 3097 2742 0 0 0 0 0 0 0 0 0 0 0 0 
5.290386:3021 1745 2048 1999 2074 2624 3092 2747 0 0 0 0 0 0 0 0 0 0 0 0 
5.298805:3068 1741 2066 2005 2071 2621 3094 2745 0 0 0 0 0 0 0 0 0 0 0 0 
5.309091:3018 1742 2070 2003 2066 2630 3106 2742 0 0 0 0 0 0 0 0 0 0 0 0 
5.328649:3028 1747 2072 1997 2089 2626 3094 2738 0 0 0 0 0 0 0 0 0 0 0 0 
5.338928:3029 1742 2070 1994 2097 2622 3090 2748 0 0 0 0 0 0 0 0 0 0 0 0 
5.349095:3017 1742 2068 2008 2081 2634 3092 2743 0 0 0 0 0 0 0 0 0 0 0 0 
5.368612:3036 1747 2067 2008 2075 2630 3097 2736 0 0 0 0 0 0 0 0 0 0 0 0 
5.378962:3021 1742 2048 2004 2080 2625 3096 2735 0 0 0 0 0 0 0 0 0 0 0 0 
5.389116:2998 1743 2066 2004 2078 2627 3100 2734 0 0 0 0 0 0 0 0 0 0 0 0 
5.408574:3012 1746 2067 1998 2082 2628 3099 2733 0 0 0 0 0 0 0 0 0 0 0 0 
5.418874:3028 1742 2071 1998 2068 2632 3094 2734 0 0 0 0 0 0 0 0 0 0 0 0 
5.429037:2989 1741 2064 2000 2065 2625 3099 2732 0 0 0 0 0 0 0 0 0 0 0 0 
5.448568:2998 1746 2064 2001 2064 2626 3094 2735 0 0 0 0 0 0 0 0 0 0 0 0 
5.458879:3040 1743 2064 2004 2048 2622 3095 2741 0 0 0 0 0 0 0 0 0 0 0 0 
5.469097:3002 1742 2064 2004 2048 2623 3097 2735 0 0 0 0 0 0 0 0 0 0 0 0 
5.488558:3024 1745 2065 2009 2048 2625 3095 2732 0 0 0 0 0 0 0 0 0 0 0 0 
5.498866:3020 1742 2065 2012 2065 2626 3100 2732 0 0 0 0 0 0 0 0 0 0 0 0 
5.509101:2976 1743 2065 2004 2048 2625 3102 2732 0 0 0 0 0 0 0 0 0 0 0 0 
5.528550:2994 1746 2048 2004 2067 2622 3096 2734 0 0 0 0 0 0 0 0 0 0 0 0 
5.538909:3027 1743 2070 2000 2066 2631 3101 2730 0 0 0 0 0 0 0 0 0 0 0 0 
5.559093:2973 1743 2068 2002 2081 2627 3106 2729 0 0 0 0 0 0 0 0 0 0 0 0 
5.568353:2991 1746 2072 1993 2097 2624 3099 2731 0 0 0 0 0 0 0 0 0 0 0 0 
5.578955:3022 1743 2071 1992 2082 2622 3097 2728 0 0 0 0 0 0 0 0 0 0 0 0 
5.589078:2962 1741 2068 1999 2070 2621 3096 2731 0 0 0 0 0 0 0 0 0 0 0 0 
5.618536:3000 1742 2065 2001 2065 2626 3098 2730 0 0 0 0 0 0 0 0 0 0 0 0 
5.619606:3012 1747 2066 2006 2048 2624 3100 2730 0 0 0 0 0 0 0 0 0 0 0 0 
5.639127:2972 1742 2048 1999 2048 2624 3103 2734 0 0 0 0 0 0 0 0 0 0 0 0 
5.648461:3007 1742 2065 2004 2072 2626 3102 2734 0 0 0 0 0 0 0 0 0 0 0 0 
5.668881:3029 1747 2072 2003 2081 2626 3100 2729 0 0 0 0 0 0 0 0 0 0 0 0 
5.669907:2973 1740 2067 1998 2086 2629 3101 2727 0 0 0 0 0 0 0 0 0 0 0 0 
5.683408:2992 1742 2048 1998 2095 2627 3104 2729 0 0 0 0 0 0 0 0 0 0 0 0 
5.708697:3012 1747 2069 1995 2116 2655 3096 2722 0 0 0 0 0 0 0 0 0 0 0 0 
5.709751:2944 1743 2067 1993 2114 2622 3108 2724 0 0 0 0 0 0 0 0 0 0 0 0 
5.729105:2966 1743 2064 1995 2111 2604 3112 2730 0 0 0 0 0 0 0 0 0 0 0 0 
5.739447:3007 1746 2067 1987 2143 2626 3100 2726 0 0 0 0 0 0 0 0 0 0 0 0 
5.749604:2960 1742 2064 1980 2156 2626 3106 2715 0 0 0 0 0 0 0 0 0 0 0 0 
5.769138:2965 1743 2048 1973 2147 2622 3110 2712 0 0 0 0 0 0 0 0 0 0 0 0 
5.779474:2958 1746 2048 1968 2166 2625 3113 2722 0 0 0 0 0 0 0 0 0 0 0 0 
5.789611:2937 1744 2064 1953 2193 2634 3128 2719 0 0 0 0 0 0 0 0 0 0 0 0 
5.809146:2978 1742 2065 1927 2204 2630 3143 2727 0 0 0 0 0 0 0 0 0 0 0 0 
5.819520:3008 1746 2048 1902 2248 2630 3145 2722 0 0 0 0 0 0 0 0 0 0 0 0 
5.829630:2945 1744 2064 1858 2263 2634 3157 2715 0 0 0 0 0 0 0 0 0 0 0 0 
5.849133:2966 1743 2068 1790 2298 2622 3172 2716 0 0 0 0 0 0 0 0 0 0 0 0 
5.859466:2977 1747 2080 1736 2304 2628 3183 2707 0 0 0 0 0 0 0 0 0 0 0 0 
5.869987:2920 1741 2102 1673 2334 2622 3170 2688 0 0 0 0 0 0 0 0 0 0 0 0 
5.881647:2876 1742 2126 1609 2344 2602 3137 2663 0 0 0 0 0 0 0 0 0 0 0 0 
5.908948:2867 1743 2140 1584 2304 2579 3094 2656 0 0 0 0 0 0 0 0 0 0 0 0 
5.909968:2785 1745 2121 1584 2230 2560 3072 2658 0 0 0 0 0 0 0 0 0 0 0 0 
5.928462:2816 1742 2094 1634 2153 2560 3072 2666 0 0 0 0 0 0 0 0 0 0 0 0 
5.938875:2858 1742 2064 1662 2125 2560 3072 2664 0 0 0 0 0 0 0 0 0 0 0 0 
5.949018:2809 1747 2048 1714 2090 2559 3067 2657 0 0 0 0 0 0 0 0 0 0 0 0 
5.968443:2816 1743 2048 1752 2081 2560 3093 2658 0 0 0 0 0 0 0 0 0 0 0 0 
5.979007:2832 1740 2066 1758 2122 2576 3116 2649 0 0 0 0 0 0 0 0 0 0 0 0 
5.993135:2780 1745 2083 1720 2127 2560 3130 2647 0 0 0 0 0 0 0 0 0 0 0 0 
6.008562:2802 1744 2103 1696 2160 2544 3139 2658 0 0 0 0 0 0 0 0 0 0 0 0 
6.018754:2816 1742 2120 1692 2214 2527 3136 2668 0 0 0 0 0 0 0 0 0 0 0 0 
6.029059:2795 1746 2139 1695 2269 2553 3118 2653 0 0 0 0 0 0 0 0 0 0 0 0 
6.048438:2804 1743 2143 1706 2266 2508 3072 2623 0 0 0 0 0 0 0 0 0 0 0 0 
6.058869:2762 1742 2153 1726 2207 2487 3096 2611 0 0 0 0 0 0 0 0 0 0 0 0 
6.069022:2704 1745 2142 1738 2161 2464 3104 2606 0 0 0 0 0 0 0 0 0 0 0 0 
6.088507:2682 1740 2130 1723 2143 2465 3125 2607 0 0 0 0 0 0 0 0 0 0 0 0 
6.108870:2702 1740 2124 1727 2136 2457 3131 2605 0 0 0 0 0 0 0 0 0 0 0 0 
6.109891:2669 1747 2124 1731 2135 2458 3126 2606 0 0 0 0 0 0 0 0 0 0 0 0 
6.128620:2689 1742 2133 1740 2158 2437 3105 2613 0 0 0 0 0 0 0 0 0 0 0 0 
6.138869:2717 1740 2126 1743 2165 2425 3069 2614 0 0 0 0 0 0 0 0 0 0 0 0 
6.149027:2682 1746 2109 1760 2129 2422 3041 2611 0 0 0 0 0 0 0 0 0 0 0 0 
6.168373:2694 1746 2116 1776 2102 2427 3030 2608 0 0 0 0 0 0 0 0 0 0 0 0 
6.183057:2676 1741 2111 1792 2087 2424 3034 2616 0 0 0 0 0 0 0 0 0 0 0 0 
6.189515:2685 1745 2102 1842 2065 2416 3020 2614 0 0 0 0 0 0 0 0 0 0 0 0 
6.201174:2697 1743 2086 1886 2032 2413 3036 2620 0 0 0 0 0 0 0 0 0 0 0 0 
6.220113:2720 1742 2071 1917 2027 2415 3056 2623 0 0 0 0 0 0 0 0 0 0 0 0 
6.230258:2729 1740 2071 1947 2047 2416 3064 2626 0 0 0 0 0 0 0 0 0 0 0 0 
6.240462:2715 1744 2064 1973 2048 2416 3060 2616 0 0 0 0 0 0 0 0 0 0 0 0 
6.260112:2706 1741 2048 2003 2042 2408 3066 2588 0 0 0 0 0 0 0 0 0 0 0 0 
6.270268:2635 1740 2048 2020 2048 2410 3072 2624 0 0 0 0 0 0 0 0 0 0 0 0 
6.283015:2687 1744 2048 2048 2082 2408 3067 2618 0 0 0 0 0 0 0 0 0 0 0 0 
6.301532:2712 1740 2048 2079 2101 2407 3057 2615 0 0 0 0 0 0 0 0 0 0 0 0 
6.313428:2699 1740 2048 2100 2112 2409 3055 2605 0 0 0 0 0 0 0 0 0 0 0 0 
6.328703:2688 1745 2043 2111 2102 2405 3072 2605 0 0 0 0 0 0 0 0 0 0 0 0 
6.338860:2684 1741 2035 2143 2095 2403 3054 2618 0 0 0 0 0 0 0 0 0 0 0 0 
6.349016:2701 1742 2031 2192 2101 2411 3040 2610 0 0 0 0 0 0 0 0 0 0 0 0 
6.369483:2685 1747 2030 2228 2098 2420 3035 2608 0 0 0 0 0 0 0 0 0 0 0 0 
6.378840:2673 1741 2032 2265 2104 2429 3027 2599 0 0 0 0 0 0 0 0 0 0 0 0 
6.389037:2656 1742 2033 2304 2086 2439 3024 2587 0 0 0 0 0 0 0 0 0 0 0 0 
6.408635:2638 1741 2025 2363 2067 2442 3028 2581 0 0 0 0 0 0 0 0 0 0 0 0 
6.428847:2615 1747 2009 2420 2048 2444 3026 2579 0 0 0 0 0 0 0 0 0 0 0 0 
6.429879:2595 1740 2004 2466 2027 2461 3040 2591 0 0 0 0 0 0 0 0 0 0 0 0 
6.448556:2639 1740 1987 2532 2008 2469 3072 2596 0 0 0 0 0 0 0 0 0 0 0 0 
6.458833:2640 1747 1975 2634 1968 2481 3088 2596 0 0 0 0 0 0 0 0 0 0 0 0 
6.469019:2629 1742 1963 2772 1881 2490 3118 2608 0 0 0 0 0 0 0 0 0 0 0 0 
6.488563:2657 1737 1942 2915 1866 2527 3110 2620 0 0 0 0 0 0 0 0 0 0 0 0 
6.498883:2704 1746 1954 2934 1912 2544 3129 2639 0 0 0 0 0 0 0 0 0 0 0 0 
6.509035:2752 1741 1956 2816 2005 2617 3200 2602 0 0 0 0 0 0 0 0 0 0 0 0 
6.538378:2679 1743 2025 2710 2066 2602 3215 2600 0 0 0 0 0 0 0 0 0 0 0 0 
6.539471:2652 1747 2048 2717 1996 2630 3175 2611 0 0 0 0 0 0 0 0 0 0 0 0 
6.549031:2681 1742 2048 2598 2004 2629 3158 2622 0 0 0 0 0 0 0 0 0 0 0 0 
6.568543:2717 1740 2048 2499 1990 2618 3164 2633 0 0 0 0 0 0 0 0 0 0 0 0 
6.578820:2736 1747 2048 2420 1955 2648 3174 2634 0 0 0 0 0 0 0 0 0 0 0 0 
6.589042:2738 1743 2020 2261 1843 2665 3201 2638 0 0 0 0 0 0 0 0 0 0 0 0 
6.608550:2755 1742 2004 2146 1860 2663 3211 2641 0 0 0 0 0 0 0 0 0 0 0 0 
6.618788:2759 1746 2035 2088 1981 2659 3174 2621 0 0 0 0 0 0 0 0 0 0 0 0 
6.629110:2724 1740 2070 2042 2042 2640 3135 2622 0 0 0 0 0 0 0 0 0 0 0 0 
6.640823:2728 1741 2071 2023 2048 2620 3116 2630 0 0 0 0 0 0 0 0 0 0 0 0 
6.660607:2734 1746 2066 2025 2039 2619 3106 2630 0 0 0 0 0 0 0 0 0 0 0 0 
6.670274:2724 1743 2048 2037 2030 2636 3112 2633 0 0 0 0 0 0 0 0 0 0 0 0 
6.681000:2737 1742 2048 2042 2025 2643 3119 2628 0 0 0 0 0 0 0 0 0 0 0 0 
6.700326:2723 1745 2048 2043 2016 2643 3122 2630 0 0 0 0 0 0 0 0 0 0 0 0 
6.710205:2719 1744 2064 2039 2022 2638 3118 2631 0 0 0 0 0 0 0 0 0 0 0 0 
6.729826:2740 1741 2065 2038 2012 2633 3120 2600 0 0 0 0 0 0 0 0 0 0 0 0 
6.739045:2673 1746 2066 2030 2019 2640 3130 2634 0 0 0 0 0 0 0 0 0 0 0 0 
6.750349:2720 1743 2048 2023 2028 2634 3133 2638 0 0 0 0 0 0 0 0 0 0 0 0 
6.760423:2754 1740 2048 2011 2041 2630 3130 2636 0 0 0 0 0 0 0 0 0 0 0 0 
6.779768:2753 1745 2048 2010 2048 2626 3123 2629 0 0 0 0 0 0 0 0 0 0 0 0 
6.789919:2726 1744 2042 2006 2048 2623 3124 2626 0 0 0 0 0 0 0 0 0 0 0 0 
6.800355:2716 1741 2030 1997 2048 2624 3127 2609 0 0 0 0 0 0 0 0 0 0 0 0 
6.822762:2690 1745 2017 2006 2048 2624 3124 2627 0 0 0 0 0 0 0 0 0 0 0 0 
6.831698:2708 1745 2005 2002 2068 2625 3125 2627 0 0 0 0 0 0 0 0 0 0 0 0 
6.841040:2724 1741 1996 1998 2048 2630 3109 2617 0 0 0 0 0 0 0 0 0 0 0 0 
6.861494:2720 1746 1995 2003 2034 2651 3090 2630 0 0 0 0 0 0 0 0 0 0 0 0 
6.869983:2722 1744 2015 2020 1980 2666 3114 2649 0 0 0 0 0 0 0 0 0 0 0 0 
6.891171:2778 1742 2044 2020 1968 2665 3127 2655 0 0 0 0 0 0 0 0 0 0 0 0 
6.901407:2816 1746 2076 2009 1982 2623 3127 2646 0 0 0 0 0 0 0 0 0 0 0 0 
6.911508:2777 1741 2064 2010 1999 2636 3122 2630 0 0 0 0 0 0 0 0 0 0 0 0 
6.920563:2746 1742 2070 2001 1989 2630 3122 2635 0 0 0 0 0 0 0 0 0 0 0 0 
6.938679:2755 1742 2072 2000 1989 2630 3115 2637 0 0 0 0 0 0 0 0 0 0 0 0 
6.948964:2752 1747 2075 2012 1996 2631 3121 2642 0 0 0 0 0 0 0 0 0 0 0 0 
6.959230:2756 1741 2076 2014 2005 2626 3110 2650 0 0 0 0 0 0 0 0 0 0 0 0 
6.979513:2789 1740 2073 2029 1991 2632 3117 2647 0 0 0 0 0 0 0 0 0 0 0 0 
6.990572:2780 1747 2068 2032 1999 2632 3115 2646 0 0 0 0 0 0 0 0 0 0 0 0 
7.011467:2781 1742 2066 2040 1987 2626 3110 2659 0 0 0 0 0 0 0 0 0 0 0 0 
7.018468:2816 1741 2048 2032 2022 2634 3144 2662 0 0 0 0 0 0 0 0 0 0 0 0 
7.030363:2813 1748 2046 2030 2029 2638 3121 2624 0 0 0 0 0 0 0 0 0 0 0 0 
7.039987:2718 1742 2048 2012 2009 2628 3136 2652 0 0 0 0 0 0 0 0 0 0 0 0 
7.058823:2792 1744 2048 2000 2010 2629 3134 2664 0 0 0 0 0 0 0 0 0 0 0 0 
7.071522:2809 1746 2048 1982 2024 2641 3130 2664 0 0 0 0 0 0 0 0 0 0 0 0 
7.088569:2816 1743 2048 1963 2043 2640 3136 2665 0 0 0 0 0 0 0 0 0 0 0 0 
7.101229:2834 1742 2048 1945 2078 2649 3153 2666 0 0 0 0 0 0 0 0 0 0 0 0 
7.108946:2816 1745 2073 1896 2106 2649 3155 2660 0 0 0 0 0 0 0 0 0 0 0 0 
7.121921:2810 1742 2071 1849 2133 2654 3167 2649 0 0 0 0 0 0 0 0 0 0 0 0 
7.141833:2804 1742 2096 1789 2146 2643 3167 2650 0 0 0 0 0 0 0 0 0 0 0 0 
7.150026:2784 1746 2119 1721 2160 2626 3168 2655 0 0 0 0 0 0 0 0 0 0 0 0 
7.169662:2816 1744 2130 1648 2175 2613 3173 2668 0 0 0 0 0 0 0 0 0 0 0 0 
7.179967:2841 1741 2117 1590 2190 2596 3145 2634 0 0 0 0 0 0 0 0 0 0 0 0 
7.190924:2754 1745 2096 1567 2168 2613 3162 2629 0 0 0 0 0 0 0 0 0 0 0 0 
7.200890:2738 1746 2080 1536 2199 2596 3167 2632 0 0 0 0 0 0 0 0 0 0 0 0 
7.219614:2735 1742 2048 1518 2271 2601 3176 2607 0 0 0 0 0 0 0 0 0 0 0 0 
7.228996:2692 1741 2065 1509 2304 2586 3201 2606 0 0 0 0 0 0 0 0 0 0 0 0 
7.240476:2684 1746 2086 1528 2391 2582 3171 2580 0 0 0 0 0 0 0 0 0 0 0 0 
7.260073:2617 1743 2126 1582 2415 2549 3116 2560 0 0 0 0 0 0 0 0 0 0 0 0 
7.270223:2550 1741 2117 1637 2304 2542 3072 2560 0 0 0 0 0 0 0 0 0 0 0 0 
7.280389:2580 1746 2107 1645 2188 2538 3060 2586 0 0 0 0 0 0 0 0 0 0 0 0 
7.300982:2637 1742 2090 1606 2090 2510 3054 2595 0 0 0 0 0 0 0 0 0 0 0 0 
7.313233:2613 1740 2083 1580 2004 2508 3067 2592 0 0 0 0 0 0 0 0 0 0 0 0 
7.323377:2615 1747 2094 1582 1954 2506 3093 2591 0 0 0 0 0 0 0 0 0 0 0 0 
7.341580:2655 1743 2110 1605 1954 2494 3114 2590 0 0 0 0 0 0 0 0 0 0 0 0 
7.349009:2622 1743 2134 1649 2016 2481 3112 2592 0 0 0 0 0 0 0 0 0 0 0 0 
7.372115:2628 1747 2142 1688 2096 2466 3072 2560 0 0 0 0 0 0 0 0 0 0 0 0 
7.373152:2624 1743 2150 1719 2122 2455 3053 2582 0 0 0 0 0 0 0 0 0 0 0 0 
7.392633:2587 1742 2147 1754 2131 2440 3036 2592 0 0 0 0 0 0 0 0 0 0 0 0 
7.403448:2622 1747 2141 1792 2118 2434 3022 2590 0 0 0 0 0 0 0 0 0 0 0 0 
7.413540:2654 1744 2125 1856 2078 2434 3015 2586 0 0 0 0 0 0 0 0 0 0 0 0 
7.433307:2606 1742 2104 1913 2018 2426 3026 2592 0 0 0 0 0 0 0 0 0 0 0 0 
7.443367:2619 1746 2080 1957 1974 2430 3036 2592 0 0 0 0 0 0 0 0 0 0 0 0 
7.458764:2643 1743 2067 2004 1960 2440 3042 2592 0 0 0 0 0 0 0 0 0 0 0 0 
7.472840:2608 1743 2048 2048 1966 2445 3053 2594 0 0 0 0 0 0 0 0 0 0 0 0 
7.483427:2637 1742 2047 2086 1998 2439 3054 2599 0 0 0 0 0 0 0 0 0 0 0 0 
7.503248:2673 1747 2030 2136 2027 2440 3052 2605 0 0 0 0 0 0 0 0 0 0 0 0 
7.508797:2652 1742 2012 2182 2076 2438 3044 2610 0 0 0 0 0 0 0 0 0 0 0 0 
7.530297:2683 1743 1998 2235 2106 2436 3018 2595 0 0 0 0 0 0 0 0 0 0 0 0 
7.540546:2637 1747 1984 2285 2091 2435 3006 2588 0 0 0 0 0 0 0 0 0 0 0 0 
7.548849:2620 1742 1973 2338 2070 2442 2994 2590 0 0 0 0 0 0 0 0 0 0 0 0 
7.559392:2636 1742 1965 2388 2035 2456 2998 2584 0 0 0 0 0 0 0 0 0 0 0 0 
7.572624:2616 1745 1966 2453 1981 2462 2995 2560 0 0 0 0 0 0 0 0 0 0 0 0 
7.589761:2596 1740 1971 2560 1914 2468 3002 2578 0 0 0 0 0 0 0 0 0 0 0 0 
7.609418:2590 1741 1975 2692 1872 2454 3064 2560 0 0 0 0 0 0 0 0 0 0 0 0 
7.620067:2581 1746 1959 2931 1839 2458 3124 2579 0 0 0 0 0 0 0 0 0 0 0 0 
7.631126:2585 1743 1923 3173 1849 2577 3166 2625 0 0 0 0 0 0 0 0 0 0 0 0 
7.640640:2685 1741 1922 3286 1972 2638 3214 2560 0 0 0 0 0 0 0 0 0 0 0 0 
7.658700:2597 1747 2024 3050 2003 2598 3202 2554 0 0 0 0 0 0 0 0 0 0 0 0 
7.670944:2964 1741 2011 2976 1863 2675 3194 2576 0 0 0 0 0 0 0 0 0 0 0 0 
7.681437:2646 1742 1984 2666 1536 2748 3214 2610 0 0 0 0 0 0 0 0 0 0 0 0 
7.698488:2674 1744 1886 2241 1196 2716 3280 2704 0 0 0 0 0 0 0 0 0 0 0 0 
7.709078:2853 1744 1933 2172 1503 2707 3286 2724 0 0 0 0 0 0 0 0 0 0 0 0 
7.729181:2946 1743 2032 2111 1854 2681 3201 2660 0 0 0 0 0 0 0 0 0 0 0 0 
7.748333:2835 1745 2070 2048 1979 2642 3118 2655 0 0 0 0 0 0 0 0 0 0 0 0 
7.749405:2816 1743 2071 2023 2041 2640 3122 2636 0 0 0 0 0 0 0 0 0 0 0 0 
7.769092:2764 1742 2048 2025 2043 2627 3108 2647 0 0 0 0 0 0 0 0 0 0 0 0 
7.788797:2787 1745 2048 2026 2033 2641 3113 2652 0 0 0 0 0 0 0 0 0 0 0 0 
7.789831:2786 1742 2045 2023 2033 2660 3117 2646 0 0 0 0 0 0 0 0 0 0 0 0 
7.808317:2779 1743 2048 2014 2038 2652 3120 2650 0 0 0 0 0 0 0 0 0 0 0 0 
7.818885:2791 1745 2048 2014 2039 2662 3120 2652 0 0 0 0 0 0 0 0 0 0 0 0 
7.829015:2789 1744 2064 2011 2042 2650 3115 2659 0 0 0 0 0 0 0 0 0 0 0 0 
7.842365:2814 1743 2067 2006 2039 2647 3118 2657 0 0 0 0 0 0 0 0 0 0 0 0 
7.859142:2806 1741 2068 2006 2040 2652 3123 2655 0 0 0 0 0 0 0 0 0 0 0 0 
7.875990:2810 1746 2065 2004 2046 2648 3120 2659 0 0 0 0 0 0 0 0 0 0 0 0 
7.878977:2816 1743 2065 2004 2048 2652 3122 2653 0 0 0 0 0 0 0 0 0 0 0 0 
7.899348:2816 1742 2065 2000 2048 2648 3121 2647 0 0 0 0 0 0 0 0 0 0 0 0 
7.908943:2788 1746 2071 2000 2048 2683 3118 2652 0 0 0 0 0 0 0 0 0 0 0 0 
7.929243:2796 1742 2078 2000 2048 2648 3118 2653 0 0 0 0 0 0 0 0 0 0 0 0 
7.948745:2808 1740 2075 1996 2048 2643 3111 2652 0 0 0 0 0 0 0 0 0 0 0 0 
7.949801:2788 1746 2072 2005 2040 2640 3104 2651 0 0 0 0 0 0 0 0 0 0 0 0 
7.959109:2802 1742 2064 2008 2030 2642 3120 2652 0 0 0 0 0 0 0 0 0 0 0 0 
7.988814:2800 1739 2070 2007 2040 2648 3118 2648 0 0 0 0 0 0 0 0 0 0 0 0 
7.989841:2774 1745 2066 2011 2040 2645 3114 2650 0 0 0 0 0 0 0 0 0 0 0 0 
7.999172:2791 1743 2068 2008 2024 2647 3117 2647 0 0 0 0 0 0 0 0 0 0 0 0 
8.018813:2794 1742 2067 2001 2006 2648 3122 2651 0 0 0 0 0 0 0 0 0 0 0 0 
8.029038:2793 1745 2048 2003 1977 2644 3114 2649 0 0 0 0 0 0 0 0 0 0 0 0 
8.042583:2791 1743 2048 1993 1927 2647 3110 2641 0 0 0 0 0 0 0 0 0 0 0 0 
8.058864:2769 1740 2042 1988 1838 2651 3072 2639 0 0 0 0 0 0 0 0 0 0 0 0 
8.068975:2767 1745 2032 1988 1741 2645 3107 2650 0 0 0 0 0 0 0 0 0 0 0 0 
8.079182:2791 1744 2015 1989 1599 2649 3108 2658 0 0 0 0 0 0 0 0 0 0 0 0 
8.098848:2806 1742 1982 1972 1393 2652 3134 2671 0 0 0 0 0 0 0 0 0 0 0 0 
8.108952:2843 1746 1956 1959 1200 2636 3107 2687 0 0 0 0 0 0 0 0 0 0 0 0 
8.119210:2906 1743 1935 1975 1024 2625 3072 2704 0 0 0 0 0 0 0 0 0 0 0 0 
8.138825:2919 1742 1912 1972 886 2614 3072 2754 0 0 0 0 0 0 0 0 0 0 0 0 
8.149423:3000 1739 1907 1956 808 2626 3072 2810 0 0 0 0 0 0 0 0 0 0 0 0 
8.159089:3192 1746 1912 1947 821 2616 3044 2846 0 0 0 0 0 0 0 0 0 0 0 0 
8.182805:2901 1747 1911 1985 875 2602 3070 2883 0 0 0 0 0 0 0 0 0 0 0 0 
8.188512:2892 1744 1912 2046 962 2627 3027 2874 0 0 0 0 0 0 0 0 0 0 0 0 
8.199216:2918 1748 1918 2032 970 2634 3033 2888 0 0 0 0 0 0 0 0 0 0 0 0 
8.219234:2930 1752 1932 2018 1016 2633 3016 2889 0 0 0 0 0 0 0 0 0 0 0 0 
8.229456:2914 1746 1934 2034 1086 2637 3012 2898 0 0 0 0 0 0 0 0 0 0 0 0 
8.239622:2963 1743 1935 2067 1201 2636 2993 2916 0 0 0 0 0 0 0 0 0 0 0 0 
8.259238:3002 1748 1911 2074 1303 2643 2992 2932 0 0 0 0 0 0 0 0 0 0 0 0 
8.269456:3016 1740 1920 2085 1426 2636 2961 2944 0 0 0 0 0 0 0 0 0 0 0 0 
8.279622:3055 1739 1934 2078 1518 2631 2944 2962 0 0 0 0 0 0 0 0 0 0 0 0 
8.299245:3103 1747 1956 2069 1636 2631 2945 2972 0 0 0 0 0 0 0 0 0 0 0 0 
8.319468:3110 1744 1983 2048 1753 2628 2938 2979 0 0 0 0 0 0 0 0 0 0 0 0 
8.320504:3151 1744 2015 2028 1885 2630 2941 2970 0 0 0 0 0 0 0 0 0 0 0 0 
8.339203:3139 1747 2042 1990 1977 2614 2948 2968 0 0 0 0 0 0 0 0 0 0 0 0 
8.349495:3092 1743 2048 1972 2028 2602 2940 2974 0 0 0 0 0 0 0 0 0 0 0 0 
8.359634:3158 1741 2048 1975 2048 2603 2937 2986 0 0 0 0 0 0 0 0 0 0 0 0 
8.379198:3182 1745 2048 1988 2085 2616 2929 2984 0 0 0 0 0 0 0 0 0 0 0 0 
8.389422:3142 1742 2048 1995 2106 2612 2923 2973 0 0 0 0 0 0 0 0 0 0 0 0 
8.399656:3169 1740 2048 1986 2120 2612 2933 2969 0 0 0 0 0 0 0 0 0 0 0 0 
8.419206:3148 1746 2048 1972 2131 2609 2940 2932 0 0 0 0 0 0 0 0 0 0 0 0 
8.429429:3041 1742 2066 1970 2134 2609 2936 2966 0 0 0 0 0 0 0 0 0 0 0 0 
8.439628:3129 1740 2072 1987 2140 2609 2932 2970 0 0 0 0 0 0 0 0 0 0 0 0 
8.459199:3143 1746 2064 2004 2172 2609 2933 2971 0 0 0 0 0 0 0 0 0 0 0 0 
8.469436:3124 1742 2090 2013 2242 2611 2928 2985 0 0 0 0 0 0 0 0 0 0 0 0 
8.479626:3188 1741 2101 2013 2384 2620 2926 2993 0 0 0 0 0 0 0 0 0 0 0 0 
8.499185:3201 1744 2114 2014 2611 2652 2953 2977 0 0 0 0 0 0 0 0 0 0 0 0 
8.509424:3131 1742 2158 1960 2941 2659 2960 2971 0 0 0 0 0 0 0 0 0 0 0 0 
8.519622:3164 1741 2193 1899 3231 2659 2992 2960 0 0 0 0 0 0 0 0 0 0 0 0 
8.539164:3111 1745 2222 1828 3568 2638 3019 2934 0 0 0 0 0 0 0 0 0 0 0 0 
8.549441:3045 1744 2261 1823 3896 2603 3002 2871 0 0 0 0 0 0 0 0 0 0 0 0 
8.559592:2942 1739 2270 1903 4095 2560 3000 2866 0 0 0 0 0 0 0 0 0 0 0 0 
8.579155:2890 1745 2269 2048 4095 2582 3013 2840 0 0 0 0 0 0 0 0 0 0 0 0 
8.589443:2791 1743 2249 2145 4095 2596 3037 2816 0 0 0 0 0 0 0 0 0 0 0 0 
8.599632:2760 1742 2241 2221 4029 2560 3040 2720 0 0 0 0 0 0 0 0 0 0 0 0 
8.619141:2922 1742 2258 2470 3601 2520 3108 2520 0 0 0 0 0 0 0 0 0 0 0 0 
8.629464:2924 1746 2199 2586 2795 2662 3090 2461 0 0 0 0 0 0 0 0 0 0 0 0 
8.639605:2844 1742 2099 2245 2039 2760 3147 2554 0 0 0 0 0 0 0 0 0 0 0 0 
8.659140:3030 1740 2048 2012 1913 2658 3174 2646 0 0 0 0 0 0 0 0 0 0 0 0 
8.669462:2794 1746 2075 2024 2048 2658 3124 2658 0 0 0 0 0 0 0 0 0 0 0 0 
8.679609:2816 1742 2095 2018 2098 2662 3121 2644 0 0 0 0 0 0 0 0 0 0 0 0 
8.699119:2780 1741 2090 2005 2074 2654 3102 2652 0 0 0 0 0 0 0 0 0 0 0 0 
8.709459:2770 1746 2068 1998 2036 2659 3104 2648 0 0 0 0 0 0 0 0 0 0 0 0 
8.719641:2790 1742 2067 1995 2028 2655 3117 2646 0 0 0 0 0 0 0 0 0 0 0 0 
8.739127:2785 1742 2065 1990 2038 2662 3120 2638 0 0 0 0 0 0 0 0 0 0 0 0 
8.749441:2742 1746 2069 1990 2046 2661 3114 2640 0 0 0 0 0 0 0 0 0 0 0 0 
8.759606:2760 1742 2071 1991 2046 2658 3126 2644 0 0 0 0 0 0 0 0 0 0 0 0 
8.779117:2768 1741 2072 1994 2038 2659 3106 2647 0 0 0 0 0 0 0 0 0 0 0 0 
8.789490:2763 1744 2066 1997 2031 2661 3111 2646 0 0 0 0 0 0 0 0 0 0 0 0 
8.799603:2791 1743 2066 1996 2030 2657 3112 2646 0 0 0 0 0 0 0 0 0 0 0 0 
8.819125:2787 1742 2065 1999 2036 2655 3114 2645 0 0 0 0 0 0 0 0 0 0 0 0 
8.829507:2752 1745 2065 2000 2030 2659 3112 2648 0 0 0 0 0 0 0 0 0 0 0 0 
8.839658:2788 1742 2066 1996 2033 2658 3115 2645 0 0 0 0 0 0 0 0 0 0 0 0 
8.859097:2786 1741 2069 1996 2032 2659 3112 2640 0 0 0 0 0 0 0 0 0 0 0 0 
8.869740:2728 1746 2048 1998 2029 2656 3112 2642 0 0 0 0 0 0 0 0 0 0 0 0 
8.881345:2770 1742 2048 2002 2024 2660 3116 2632 0 0 0 0 0 0 0 0 0 0 0 0 
8.899544:2746 1741 2065 1996 2025 2658 3110 2644 0 0 0 0 0 0 0 0 0 0 0 0 
8.910086:2735 1745 2048 2002 2033 2646 3106 2650 0 0 0 0 0 0 0 0 0 0 0 0 
8.920283:2796 1743 2065 2005 2020 2652 3112 2656 0 0 0 0 0 0 0 0 0 0 0 0 
8.938474:2800 1741 2048 2006 2028 2657 3122 2646 0 0 0 0 0 0 0 0 0 0 0 0 
8.948886:2757 1740 2048 2001 2032 2660 3114 2640 0 0 0 0 0 0 0 0 0 0 0 0 
8.959023:2762 1745 2048 2004 2039 2660 3111 2643 0 0 0 0 0 0 0 0 0 0 0 0 
8.978478:2778 1741 2065 2007 2038 2630 3109 2652 0 0 0 0 0 0 0 0 0 0 0 0 
8.988866:2768 1740 2048 2006 2036 2653 3096 2656 0 0 0 0 0 0 0 0 0 0 0 0 
9.001208:2801 1745 2048 2004 2037 2655 3109 2650 0 0 0 0 0 0 0 0 0 0 0 0 
9.018520:2801 1738 2048 1998 2033 2653 3109 2645 0 0 0 0 0 0 0 0 0 0 0 0 
9.028752:2756 1740 2048 2002 2028 2656 3100 2644 0 0 0 0 0 0 0 0 0 0 0 0 
9.039035:2779 1744 2048 2002 2030 2657 3114 2647 0 0 0 0 0 0 0 0 0 0 0 0 
9.058471:2797 1740 2065 2006 2035 2653 3110 2642 0 0 0 0 0 0 0 0 0 0 0 0 
9.068879:2743 1738 2048 2000 2030 2654 3116 2641 0 0 0 0 0 0 0 0 0 0 0 0 
9.079040:2771 1745 2048 2000 2031 2655 3110 2641 0 0 0 0 0 0 0 0 0 0 0 0 
9.098441:2768 1742 2048 2006 2037 2652 3106 2640 0 0 0 0 0 0 0 0 0 0 0 0 
9.108876:2727 1741 2048 1999 2031 2656 3114 2645 0 0 0 0 0 0 0 0 0 0 0 0 
9.119076:2786 1744 2048 2002 2028 2654 3111 2646 0 0 0 0 0 0 0 0 0 0 0 0 
9.138431:2786 1742 2048 2002 2037 2654 3108 2644 0 0 0 0 0 0 0 0 0 0 0 0 
9.148866:2745 1739 2048 1999 2031 2656 3114 2640 0 0 0 0 0 0 0 0 0 0 0 0 
9.159071:2762 1744 2048 2002 2033 2656 3110 2642 0 0 0 0 0 0 0 0 0 0 0 0 
9.182777:2767 1742 2048 2002 2035 2652 3110 2641 0 0 0 0 0 0 0 0 0 0 0 0 
9.183963:2738 1740 2048 2002 2027 2653 3111 2643 0 0 0 0 0 0 0 0 0 0 0 0 
9.199124:2780 1744 2048 1988 2024 2655 3111 2648 0 0 0 0 0 0 0 0 0 0 0 0 
9.218510:2785 1742 2048 2002 2026 2654 3115 2647 0 0 0 0 0 0 0 0 0 0 0 0 
9.238881:2769 1739 2048 2002 2031 2657 3116 2651 0 0 0 0 0 0 0 0 0 0 0 0 
9.239907:2813 1744 2048 2002 2037 2657 3112 2646 0 0 0 0 0 0 0 0 0 0 0 0 
9.252039:2789 1742 2048 2003 2048 2655 3109 2642 0 0 0 0 0 0 0 0 0 0 0 0 
9.269247:2742 1740 2048 2002 2037 2657 3114 2643 0 0 0 0 0 0 0 0 0 0 0 0 
9.289034:2783 1744 2048 2003 2036 2659 3114 2645 0 0 0 0 0 0 0 0 0 0 0 0 
9.290057:2786 1744 2065 2003 2039 2656 3114 2645 0 0 0 0 0 0 0 0 0 0 0 0 
9.318475:2758 1741 2065 2001 2040 2656 3096 2650 0 0 0 0 0 0 0 0 0 0 0 0 
9.319558:2802 1741 2048 2003 2036 2659 3117 2649 0 0 0 0 0 0 0 0 0 0 0 0 
9.338354:2796 1746 2048 2005 2041 2655 3115 2644 0 0 0 0 0 0 0 0 0 0 0 0 
9.348862:2748 1741 2048 2004 2037 2650 3107 2641 0 0 0 0 0 0 0 0 0 0 0 0 
9.359035:2771 1741 2048 2000 2032 2657 3132 2646 0 0 0 0 0 0 0 0 0 0 0 0 
9.378382:2785 1745 2048 2006 2048 2658 3112 2642 0 0 0 0 0 0 0 0 0 0 0 0 
9.388827:2743 1739 2048 2002 2025 2658 3116 2645 0 0 0 0 0 0 0 0 0 0 0 0 
9.399027:2786 1740 2048 1998 2025 2656 3114 2644 0 0 0 0 0 0 0 0 0 0 0 0 
9.418405:2774 1746 2048 2003 2034 2651 3111 2644 0 0 0 0 0 0 0 0 0 0 0 0 
9.428740:2745 1742 2048 2000 2037 2660 3115 2647 0 0 0 0 0 0 0 0 0 0 0 0 
9.438978:2798 1741 2048 1995 2038 2659 3113 2644 0 0 0 0 0 0 0 0 0 0 0 0 
9.458435:2775 1745 2048 2001 2039 2656 3113 2642 0 0 0 0 0 0 0 0 0 0 0 0 
9.468827:2742 1741 2064 2005 2038 2657 3112 2646 0 0 0 0 0 0 0 0 0 0 0 0 
9.479029:2791 1741 2048 2003 2042 2658 3114 2643 0 0 0 0 0 0 0 0 0 0 0 0 
9.498368:2782 1745 2064 2006 2039 2657 3110 2644 0 0 0 0 0 0 0 0 0 0 0 0 
9.508904:2745 1739 2048 2002 2039 2655 3097 2643 0 0 0 0 0 0 0 0 0 0 0 0 
9.519012:2784 1742 2048 2002 2031 2655 3139 2642 0 0 0 0 0 0 0 0 0 0 0 0 
9.538403:2770 1746 2048 2006 2030 2657 3109 2642 0 0 0 0 0 0 0 0 0 0 0 0 
9.548818:2740 1742 2048 2005 2011 2650 3099 2634 0 0 0 0 0 0 0 0 0 0 0 0 
9.559032:2761 1740 2048 2006 1978 2637 3136 2626 0 0 0 0 0 0 0 0 0 0 0 0 
9.578372:2726 1745 2046 2013 1909 2634 3070 2586 0 0 0 0 0 0 0 0 0 0 0 0 
9.588820:2617 1744 2019 2030 1782 2627 3071 2607 0 0 0 0 0 0 0 0 0 0 0 0 
9.599034:2698 1741 1997 2034 1609 2653 3121 2647 0 0 0 0 0 0 0 0 0 0 0 0 
9.618363:2783 1744 1974 2006 1532 2710 3178 2695 0 0 0 0 0 0 0 0 0 0 0 0 
9.628721:2858 1744 1975 1960 1450 2667 3104 2706 0 0 0 0 0 0 0 0 0 0 0 0 
9.638990:2922 1742 1946 1960 1261 2640 3106 2684 0 0 0 0 0 0 0 0 0 0 0 0 
9.658346:2897 1741 1905 1958 1108 2650 3114 2701 0 0 0 0 0 0 0 0 0 0 0 0 
9.668864:2888 1746 1853 1924 966 2652 3105 2714 0 0 0 0 0 0 0 0 0 0 0 0 
9.679014:2957 1744 1792 1875 874 2644 3110 2754 0 0 0 0 0 0 0 0 0 0 0 0 
9.689119:3036 1742 1792 1885 762 2615 3059 2785 0 0 0 0 0 0 0 0 0 0 0 0 
9.708832:3099 1740 1778 1890 658 2623 3063 2838 0 0 0 0 0 0 0 0 0 0 0 0 
9.728956:2868 1741 1780 1947 676 2630 3055 2871 0 0 0 0 0 0 0 0 0 0 0 0 
9.729964:2899 1745 1792 2007 768 2649 3036 2901 0 0 0 0 0 0 0 0 0 0 0 0 
9.749242:2938 1747 1842 2048 932 2643 3012 2898 0 0 0 0 0 0 0 0 0 0 0 0 
9.768953:2971 1744 1865 2048 1079 2628 2995 2902 0 0 0 0 0 0 0 0 0 0 0 0 
9.769975:2963 1741 1889 2048 1198 2642 2981 2910 0 0 0 0 0 0 0 0 0 0 0 0 
9.789245:2975 1740 1906 2048 1326 2639 2958 2940 0 0 0 0 0 0 0 0 0 0 0 0 
9.799013:3072 1746 1911 2069 1425 2626 2934 2970 0 0 0 0 0 0 0 0 0 0 0 0 
9.819103:3122 1742 1923 2076 1483 2631 2924 2984 0 0 0 0 0 0 0 0 0 0 0 0 
9.838692:3143 1740 1951 2048 1501 2623 2915 2982 0 0 0 0 0 0 0 0 0 0 0 0 
9.839757:3184 1740 1984 2041 1536 2620 2920 2970 0 0 0 0 0 0 0 0 0 0 0 0 
9.853707:3126 1745 1987 2030 1609 2615 2916 2978 0 0 0 0 0 0 0 0 0 0 0 0 
9.869391:3118 1739 2000 2027 1675 2608 2911 2980 0 0 0 0 0 0 0 0 0 0 0 0 
9.879878:3173 1738 2016 2019 1725 2608 2902 2990 0 0 0 0 0 0 0 0 0 0 0 0 
9.889877:3172 1744 2027 2022 1774 2608 2904 3006 0 0 0 0 0 0 0 0 0 0 0 0 
9.909788:3208 1739 2034 2016 1836 2610 2881 3006 0 0 0 0 0 0 0 0 0 0 0 0 
9.919895:3262 1738 2047 2016 1923 2606 2882 3009 0 0 0 0 0 0 0 0 0 0 0 0 
9.928661:3224 1744 2065 2018 2045 2611 2875 3007 0 0 0 0 0 0 0 0 0 0 0 0 
9.948550:3231 1738 2087 1987 2149 2614 2868 3021 0 0 0 0 0 0 0 0 0 0 0 0 
9.958946:3295 1734 2115 1974 2304 2613 2864 3039 0 0 0 0 0 0 0 0 0 0 0 0 
9.979168:3326 1743 2143 1960 2539 2630 2870 3042 0 0 0 0 0 0 0 0 0 0 0 0 
9.988615:3305 1740 2174 1910 2860 2643 2904 3046 0 0 0 0 0 0 0 0 0 0 0 0 
9.998901:3360 1736 2214 1812 3199 2621 2914 2992 0 0 0 0 0 0 0 0 0 0 0 0 
